c3 = 2.019202697e-07
Value: 12160 Volt: 2.299V Tf: 66.48323439756254 Tc: 19.157352443090303
